	Output_event_ctrls_rep			
	b	se	min95	max95
1899.Year#c.DaysofNPI	-.0017429	.0012936	-.0043536	.0008677
1904.Year#c.DaysofNPI	-.0007512	.0010645	-.0028993	.001397
1909.Year#c.DaysofNPI	.0001059	.0005032	-.0009096	.0011215
1919.Year#c.DaysofNPI	.0014579	.0008582	-.000274	.0031899
1921.Year#c.DaysofNPI	.0014774	.0008206	-.0001786	.0031334
1923.Year#c.DaysofNPI	.001471	.0007113	.0000355	.0029064
1925.Year#c.DaysofNPI	.0013574	.0009643	-.0005887	.0033034
1927.Year#c.DaysofNPI	.0010614	.0009531	-.000862	.0029848
