	Output_event_ctrls_rep			
	b	se	min95	max95
1899.Year#c.SpeedofNPI	-.0118728	.0058493	-.0236771	-.0000684
1904.Year#c.SpeedofNPI	-.0059414	.0052027	-.0164409	.0045581
1909.Year#c.SpeedofNPI	-.0026706	.0029824	-.0086894	.0033482
1919.Year#c.SpeedofNPI	.0051813	.0046527	-.0042082	.0145707
1921.Year#c.SpeedofNPI	.007174	.0035453	.0000194	.0143286
1923.Year#c.SpeedofNPI	.0077477	.0034564	.0007724	.0147231
1925.Year#c.SpeedofNPI	.0047602	.0040068	-.0033258	.0128462
1927.Year#c.SpeedofNPI	.0097605	.0035114	.0026742	.0168468
