	Emp_event_ctrls_rep			
	b	se	min95	max95
1899.Year#c.SpeedofNPI	-.0097527	.0045856	-.0190067	-.0004986
1904.Year#c.SpeedofNPI	-.005516	.0040896	-.0137692	.0027371
1909.Year#c.SpeedofNPI	-.0015178	.0022268	-.0060118	.0029761
1919.Year#c.SpeedofNPI	.0058906	.0048359	-.0038686	.0156498
1921.Year#c.SpeedofNPI	.0061011	.0036151	-.0011944	.0133966
1923.Year#c.SpeedofNPI	.0054107	.0028965	-.0004346	.011256
1925.Year#c.SpeedofNPI	.0048109	.0032064	-.0016598	.0112816
1927.Year#c.SpeedofNPI	.0066137	.0035833	-.0006178	.0138451
