	Emp_event_ctrls_rep			
	b	se	min95	max95
1899.Year#c.DaysofNPI	-.0022952	.0011161	-.0045477	-.0000428
1904.Year#c.DaysofNPI	-.0013923	.0008987	-.003206	.0004214
1909.Year#c.DaysofNPI	-.0001552	.0004388	-.0010408	.0007303
1919.Year#c.DaysofNPI	.0012709	.0008813	-.0005077	.0030495
1921.Year#c.DaysofNPI	.0013021	.0006776	-.0000653	.0026695
1923.Year#c.DaysofNPI	.0014457	.000587	.0002612	.0026302
1925.Year#c.DaysofNPI	.0023822	.0008829	.0006004	.004164
1927.Year#c.DaysofNPI	.0024006	.0008419	.0007015	.0040997
