	Emp_event_ctrls_rep			
	b	se	min95	max95
1899.Year#c.Mortality1918	.0004915	.0002925	-.0000927	.0010758
1904.Year#c.Mortality1918	.000236	.0001867	-.0001369	.0006088
1909.Year#c.Mortality1918	5.73e-06	.0001016	-.0001972	.0002087
1919.Year#c.Mortality1918	-.0003512	.0001989	-.0007484	.000046
1921.Year#c.Mortality1918	-.0001469	.0001721	-.0004906	.0001968
1923.Year#c.Mortality1918	-.0003337	.0001276	-.0005885	-.0000788
1925.Year#c.Mortality1918	-.0003478	.0002152	-.0007776	.0000819
1927.Year#c.Mortality1918	-.0004498	.0002091	-.0008675	-.0000321
