	Output_event_ctrls_rep			
	b	se	min95	max95
1899.Year#c.Mortality1918	.0008169	.0003517	.0001145	.0015194
1904.Year#c.Mortality1918	.0004453	.0002273	-8.72e-06	.0008994
1909.Year#c.Mortality1918	.0001657	.0001329	-.0000997	.0004311
1919.Year#c.Mortality1918	-.0002154	.0001671	-.0005492	.0001184
1921.Year#c.Mortality1918	-.0002682	.0001815	-.0006307	.0000943
1923.Year#c.Mortality1918	-.0003305	.0001485	-.0006271	-.000034
1925.Year#c.Mortality1918	-.0004231	.0001781	-.0007788	-.0000674
1927.Year#c.Mortality1918	-.0005248	.0001992	-.0009225	-.0001271
